2
8 10 
14 19 
11 13 
5 19 
3
4 10 1 
6 13 3 
8 4 8 
10 1 13 
4 10 10 
18 1 14 
4
20 19 17 16 
18 7 13 8 
11 14 20 10 
20 2 8 13 
14 17 6 6 
9 12 15 18 
2 14 9 5 
9 11 5 17 
5
11 4 3 7 10 
5 2 14 18 9 
9 14 19 2 16 
14 6 15 4 17 
6 10 16 15 10 
2 18 16 6 5 
12 19 9 4 6 
3 13 7 17 18 
19 5 2 18 12 
9 18 19 18 18 
6
15 5 10 12 6 16 
16 19 3 20 9 13 
1 18 15 9 16 9 
14 11 7 3 3 6 
3 13 8 2 16 13 
12 2 11 12 19 18 
17 11 1 20 16 7 
13 19 16 20 15 4 
10 1 6 7 4 7 
14 11 19 15 1 5 
7 15 7 15 4 19 
5 11 11 20 4 8 
7
6 18 13 20 8 6 17 
6 4 1 5 9 16 16 
6 15 3 12 20 13 5 
16 19 17 13 16 12 14 
10 18 14 8 6 11 3 
12 9 18 2 6 16 9 
16 17 8 20 15 12 17 
2 13 1 15 5 16 10 
8 16 14 10 1 16 16 
7 4 3 17 9 10 12 
5 19 9 18 12 10 4 
12 12 15 20 16 10 1 
10 4 15 1 18 6 18 
6 1 17 5 18 9 5 
8
11 11 17 13 15 18 5 2 
9 6 19 20 10 10 14 4 
8 8 14 3 6 17 14 5 
11 7 1 5 11 6 17 19 
16 14 18 17 19 7 18 12 
19 15 20 18 14 12 1 3 
14 18 12 9 10 14 18 5 
19 1 15 1 16 8 1 11 
16 7 8 19 1 7 16 18 
14 15 14 1 15 19 18 6 
10 16 4 3 18 4 20 8 
8 10 16 4 14 4 9 6 
19 20 7 11 5 13 14 4 
18 1 11 12 1 4 1 1 
14 19 4 17 11 15 1 20 
13 15 10 3 10 12 11 20 
9
4 11 1 4 11 12 10 19 7 
20 11 2 17 5 5 19 17 12 
5 1 19 12 1 4 12 2 6 
1 19 15 10 14 1 6 13 4 
9 18 9 11 5 16 18 12 11 
7 11 14 14 6 1 3 4 13 
8 2 11 1 20 8 12 8 15 
6 2 18 9 3 16 15 6 14 
1 12 20 15 6 10 14 10 7 
17 5 1 19 13 1 17 1 8 
13 20 19 2 12 17 12 12 9 
12 2 6 1 1 19 14 8 11 
12 4 15 14 8 8 16 12 3 
17 7 16 5 2 18 2 4 5 
9 17 2 16 11 17 6 14 2 
1 12 10 6 8 17 9 6 5 
8 10 17 7 17 7 8 1 5 
12 11 19 12 5 19 19 15 6 
10
8 10 19 15 6 19 9 10 15 8 
1 15 1 17 16 4 9 6 12 13 
5 17 18 16 6 11 16 13 11 8 
18 20 8 16 14 20 10 5 20 2 
6 10 19 14 1 10 11 18 7 19 
4 19 17 2 20 17 8 9 20 8 
16 16 13 5 10 5 15 8 20 16 
6 17 2 6 20 12 4 19 19 20 
5 4 20 6 12 8 5 6 2 15 
7 11 4 13 13 2 15 18 18 1 
10 6 8 3 20 18 17 9 3 10 
20 9 4 18 2 13 7 2 18 17 
16 11 15 16 2 13 14 8 13 5 
12 19 13 17 11 4 20 15 20 7 
16 2 4 13 7 20 11 11 4 10 
6 4 12 12 13 17 20 12 20 11 
17 12 18 14 9 18 11 4 17 10 
12 15 12 5 7 12 11 3 5 11 
5 14 2 8 20 5 18 11 2 2 
6 3 13 13 15 20 8 18 3 11 
11
20 11 18 2 17 1 20 13 20 17 11 
13 9 15 5 19 11 2 16 2 12 2 
6 2 18 11 9 6 14 18 10 17 4 
2 16 19 1 10 3 15 4 4 10 11 
16 16 5 15 4 19 13 13 17 15 1 
1 11 9 2 8 17 8 2 15 9 12 
9 16 14 12 10 14 20 12 1 5 20 
11 11 1 14 3 19 3 5 9 14 16 
1 1 17 8 11 8 4 14 13 2 5 
1 1 19 18 4 19 15 6 3 10 11 
10 19 11 16 4 16 6 15 16 2 12 
7 12 20 4 15 18 20 19 1 18 6 
19 5 3 16 1 8 1 8 7 9 3 
4 10 11 4 19 14 2 11 1 19 1 
15 8 17 12 7 12 5 20 17 5 13 
9 15 15 20 9 12 11 4 8 5 4 
15 9 2 13 9 4 20 20 20 17 2 
8 14 20 9 5 1 7 4 15 17 10 
8 15 20 5 12 10 7 8 11 10 8 
14 2 16 17 15 16 12 13 9 19 11 
8 18 10 7 11 12 13 4 13 2 12 
11 2 14 9 11 1 20 15 13 15 11 
12
13 20 18 20 13 13 4 2 14 3 2 17 
19 12 1 17 1 5 20 10 5 16 11 17 
20 1 19 9 13 9 1 3 1 10 6 4 
16 20 19 20 2 3 9 15 1 2 11 9 
12 5 10 16 10 11 13 4 6 20 11 12 
4 7 10 11 15 11 13 5 5 2 20 1 
3 2 6 15 10 11 3 1 14 9 3 2 
7 9 4 3 20 18 14 5 19 17 12 2 
16 17 10 9 1 3 13 17 8 7 12 13 
12 4 17 6 8 14 7 14 13 6 1 14 
18 14 16 20 12 19 15 1 19 10 16 19 
13 14 3 17 17 7 14 5 5 13 20 3 
9 20 3 6 17 8 13 9 1 11 19 13 
6 9 1 4 13 4 4 13 2 10 2 7 
14 10 12 18 20 7 17 17 15 15 15 16 
18 7 18 18 1 13 12 12 15 4 18 5 
5 14 11 8 20 10 10 5 5 12 13 20 
15 8 4 1 20 11 14 12 2 6 14 10 
17 14 2 19 12 4 1 9 8 7 13 20 
2 5 12 13 6 11 15 3 17 18 7 14 
5 12 20 16 10 9 9 19 18 4 19 9 
10 7 9 7 20 16 10 17 9 17 20 5 
18 17 19 12 4 19 1 9 2 12 19 18 
7 2 19 9 4 16 7 9 9 20 20 4 
13
18 13 14 19 14 16 12 16 5 3 13 20 12 
16 9 9 11 15 11 19 6 6 20 16 8 8 
4 18 7 15 4 16 5 16 17 20 5 14 7 
14 5 8 15 11 8 6 11 3 6 15 13 2 
6 12 7 1 1 13 4 11 6 1 6 8 5 
9 1 7 1 16 20 3 9 4 18 17 3 10 
19 6 10 3 16 6 20 12 2 15 15 3 7 
4 7 20 2 11 5 16 19 3 12 17 1 9 
5 8 9 12 18 1 15 17 20 6 14 3 20 
15 2 7 17 11 3 14 14 16 9 12 19 2 
12 14 1 18 13 4 16 9 14 16 17 12 8 
10 13 15 9 4 20 7 15 8 18 4 2 8 
15 10 17 20 19 11 4 7 17 6 5 3 4 
2 13 12 3 16 17 15 9 1 12 11 16 15 
13 17 18 10 6 20 2 11 9 10 20 8 20 
7 20 1 16 18 3 3 1 2 6 11 6 17 
15 6 3 14 1 17 15 18 2 2 19 6 13 
1 12 2 3 5 16 16 13 4 3 14 2 2 
20 19 1 10 16 3 5 13 14 16 9 5 16 
12 2 11 5 12 17 2 5 6 3 14 4 17 
19 15 9 4 20 3 4 11 20 13 18 13 3 
18 20 14 11 20 11 12 16 19 3 6 11 3 
9 4 20 10 14 11 12 6 3 18 14 20 17 
5 10 3 4 16 10 18 3 5 13 15 7 8 
16 20 13 7 3 10 7 10 20 19 11 4 7 
4 8 6 19 8 18 12 17 2 4 15 4 13 
14
3 12 12 12 3 14 14 11 1 5 16 8 11 2 
19 7 14 1 20 17 3 19 15 7 7 13 16 2 
18 2 19 15 1 18 8 12 3 13 18 5 18 6 
8 4 19 20 4 18 2 6 18 6 18 13 5 5 
20 20 17 1 12 7 3 14 16 10 2 10 12 17 
4 17 5 11 19 12 20 16 6 2 8 18 9 1 
5 15 16 4 10 7 6 4 18 13 2 19 5 3 
12 1 7 11 4 8 9 5 18 10 6 14 4 17 
1 9 20 18 15 6 10 8 6 8 15 16 9 18 
10 16 10 7 7 19 6 3 19 14 20 4 4 4 
20 2 15 15 16 3 17 20 16 11 14 11 13 9 
4 2 8 9 7 19 7 8 15 11 11 19 18 7 
5 17 4 18 19 15 17 9 13 14 1 5 5 14 
14 3 20 18 10 8 12 14 14 20 1 15 18 5 
12 19 1 9 19 2 18 13 14 1 17 1 15 9 
11 4 10 15 6 12 12 11 18 11 15 6 2 15 
13 15 11 7 8 2 6 10 12 6 1 11 16 10 
15 4 15 15 15 15 4 16 18 18 8 3 15 13 
20 20 4 18 11 11 7 17 13 16 19 17 2 5 
8 19 1 13 8 16 2 7 15 11 16 19 20 13 
4 13 7 9 14 7 7 7 14 2 17 13 2 10 
18 5 3 1 13 16 1 13 12 13 14 18 18 7 
6 2 20 10 8 20 11 17 6 2 8 20 18 14 
6 10 3 9 14 20 9 8 5 12 18 7 1 13 
2 11 19 18 10 15 8 13 20 18 11 12 5 5 
1 16 20 18 16 16 5 1 19 18 4 18 15 9 
8 16 14 3 18 17 3 3 3 9 1 6 11 7 
2 20 1 3 18 16 13 15 16 11 12 4 12 8 
15
12 11 10 8 15 9 4 9 12 13 20 17 6 3 4 
10 20 15 7 8 13 1 7 2 6 5 17 15 18 16 
16 7 5 12 12 1 17 20 18 18 10 4 3 6 20 
20 1 13 9 14 17 17 14 18 14 4 9 15 7 4 
11 2 7 6 10 6 19 6 20 2 15 1 17 13 14 
14 16 2 16 3 9 6 13 11 12 1 4 8 20 11 
2 20 3 20 17 10 2 17 11 2 1 3 12 6 11 
15 18 14 16 9 2 7 14 19 7 11 13 7 20 11 
13 12 13 2 8 20 9 18 17 3 19 4 9 15 10 
17 4 3 4 7 20 16 15 3 12 18 12 20 15 8 
17 17 17 8 14 5 18 1 18 1 17 14 14 16 11 
3 7 7 9 8 14 18 17 16 5 7 9 14 2 18 
12 17 15 15 10 16 20 19 15 1 8 4 3 16 2 
12 1 13 10 11 4 6 19 15 19 5 2 1 11 19 
16 19 15 8 3 9 1 3 6 15 1 7 4 1 11 
16 3 3 11 19 3 16 16 18 15 8 15 1 11 17 
7 2 4 13 16 19 16 1 16 7 18 6 18 16 4 
16 17 4 3 8 12 20 6 12 18 7 11 16 17 2 
12 6 7 20 11 5 18 3 14 14 1 4 4 15 3 
18 4 2 18 10 8 7 12 15 3 11 11 15 7 20 
18 4 20 14 13 20 5 9 4 10 6 6 8 1 8 
18 20 9 4 1 20 8 2 9 6 1 5 13 17 11 
20 10 9 10 13 13 19 8 2 3 17 10 6 9 6 
9 14 8 6 15 15 16 11 4 20 19 20 20 6 4 
9 5 18 18 12 3 19 18 5 3 17 16 14 11 13 
11 11 14 14 9 9 14 3 12 1 6 16 2 5 15 
8 9 9 6 9 19 15 4 2 13 5 16 10 17 5 
19 8 16 8 4 17 4 17 18 7 3 18 3 17 4 
2 2 15 9 5 16 8 4 18 6 14 17 19 12 8 
11 1 13 7 10 8 15 18 6 19 7 6 18 6 8 
